1
3
4
5
5
9
10
10
14
15
15
15
17
18
20
20
21
22
23
24
24
24
25
25
25
28
32
34
35
41
43
45
46
47
47
48
49
51
51
52
53
54
54
54
58
59
60
60
61
63
64
64
65
67
68
69
72
73
73
74
75
76
77
77
78
78
80
80
83
84
84
87
87
87
87
88
90
90
91
92
93
94
95
96
98
99
102
102
103
103
104
105
105
106
106
107
108
108
110
111
111
111
112
112
113
113
114
116
116
117
118
118
118
119
119
122
122
123
124
125
126
126
127
128
131
134
135
136
139
139
140
140
141
141
142
144
145
146
146
147
147
148
149
152
152
153
153
157
158
158
159
159
159
161
161
162
163
164
164
164
165
166
167
171
172
172
174
176
177
178
179
180
180
181
181
182
185
185
186
186
187
188
188
189
189
190
190
190
192
193
196
196
196
197
198
199
199
199
201
203
205
205
206
207
207
209
211
212
213
213
213
214
214
215
216
216
217
218
219
222
224
224
226
228
228
231
231
232
233
233
233
235
235
236
237
237
237
238
241
242
243
245
245
247
247
248
248
251
251
253
254
256
257
257
258
259
260
262
264
264
265
266
268
268
271
272
273
273
278
278
279
280
281
282
282
282
283
283
284
285
286
287
287
288
289
290
291
292
293
293
295
296
298
298
299
300
301
307
308
308
309
309
311
312
314
315
317
319
321
321
321
322
322
322
323
323
328
328
329
329
329
330
330
332
335
336
337
337
337
337
339
340
343
352
353
353
354
355
356
358
361
367
369
370
370
372
372
373
373
374
377
377
378
378
379
379
380
380
385
385
386
386
387
388
390
390
390
391
392
393
393
393
393
395
395
395
395
397
398
400
400
400
401
402
406
407
408
408
408
410
410
410
411
412
412
414
416
420
420
420
420
421
421
421
421
422
423
424
424
426
426
426
428
432
434
434
435
436
437
438
438
438
439
439
440
440
441
442
446
446
448
449
450
451
451
454
454
455
455
456
456
456
456
457
457
458
459
459
459
460
460
461
462
464
465
465
466
466
467
469
471
473
473
474
474
476
477
480
480
481
481
481
483
485
487
487
490
490
492
492
493
494
496
497
498
498
499
501
501
502
502
503
503
504
504
505
505
506
506
507
507
507
508
509
509
511
512
516
517
519
520
521
521
522
522
522
523
523
524
525
526
526
529
529
529
530
530
531
533
533
534
534
536
538
538
539
541
542
542
543
545
546
547
549
549
550
550
551
551
554
556
556
559
559
560
560
562
562
563
563
563
563
564
565
568
569
571
571
572
572
573
573
573
574
575
575
575
575
576
578
582
584
585
585
586
586
586
587
587
588
591
591
592
593
593
595
597
597
597
598
599
599
599
601
602
604
605
605
606
607
607
607
609
609
609
610
610
610
610
611
611
613
614
614
614
615
616
618
619
621
621
621
625
625
626
627
628
629
629
630
632
633
633
635
635
635
637
637
639
639
641
645
646
646
647
648
649
649
651
651
651
652
657
657
658
658
659
660
662
662
663
665
667
669
669
669
671
672
672
672
673
673
673
674
676
677
678
679
680
681
682
682
682
683
683
685
685
685
686
687
687
688
689
690
691
691
692
693
693
695
695
696
697
698
699
700
700
700
701
702
703
705
705
707
708
709
709
709
710
712
713
713
714
714
715
716
718
719
719
719
721
722
723
724
724
725
725
726
726
728
728
729
731
732
733
734
734
734
737
737
739
740
740
741
745
745
746
747
749
749
749
750
751
755
756
757
758
758
758
758
759
760
762
762
764
765
765
766
768
768
769
770
772
772
774
775
775
776
779
779
779
780
781
782
782
782
782
783
784
785
786
787
787
787
788
792
793
794
794
794
794
795
798
798
799
801
801
804
807
807
808
812
816
818
818
818
819
819
820
821
821
821
822
824
824
826
826
826
828
828
830
830
832
833
834
834
834
837
837
837
838
838
840
840
840
842
842
846
846
847
850
850
851
852
853
853
854
854
855
856
857
857
860
861
862
862
863
864
865
867
871
872
872
873
874
875
875
876
877
877
877
879
880
880
881
882
883
883
884
885
885
885
887
888
889
889
889
890
890
891
893
894
894
894
896
897
899
899
899
901
903
904
904
906
907
909
910
912
914
914
914
915
923
925
926
927
928
929
929
930
931
932
933
933
933
935
935
935
936
937
937
938
938
939
942
943
943
944
944
945
945
947
949
953
955
956
957
957
957
959
960
961
962
964
964
964
965
965
965
965
966
966
967
967
968
968
969
970
971
975
976
976
977
977
978
978
978
979
980
980
980
983
983
983
984
988
988
989
989
989
995
998
999
1000
