1
3
4
5
5
9
10
10
14
15
15
15
17
18
20
20
21
22
23
24
24
24
25
25
25
28
32
34
35
41
43
45
46
47
47
48
49
51
51
52
53
54
54
54
58
59
60
60
61
63
64
64
65
67
68
69
72
73
73
74
75
76
77
77
78
78
80
80
83
84
84
87
87
87
87
88
90
90
91
92
93
94
95
96
98
99
102
102
103
103
104
105
105
106
106
107
108
108
110
111
111
111
112
112
113
113
114
116
116
117
118
118
118
119
119
122
122
123
124
125
126
126
127
128
131
134
135
136
139
139
140
140
141
141
142
144
145
146
146
147
147
148
149
152
152
153
153
157
158
158
159
159
159
161
161
162
163
164
164
164
165
166
167
171
172
172
174
176
177
178
179
180
180
181
181
182
185
185
186
186
187
188
188
189
189
190
190
190
192
193
196
196
196
197
198
199
199
199
201
203
205
205
206
207
207
209
211
212
213
213
213
214
214
215
216
216
217
218
219
222
224
224
226
228
228
231
231
232
233
233
233
235
235
236
237
237
237
238
241
242
243
245
245
247
247
248
248
251
251
253
254
256
257
257
258
259
260
262
264
264
265
266
268
268
271
272
273
273
278
278
279
280
281
282
282
282
283
283
284
285
286
287
287
288
289
290
291
292
293
293
295
296
298
298
299
300
301
307
308
308
309
309
311
312
314
315
317
319
321
321
321
322
322
322
323
323
328
328
329
329
329
330
330
332
335
336
337
337
337
337
339
340
343
352
353
353
354
355
356
358
361
367
369
370
370
372
372
373
373
374
377
377
378
378
379
379
380
380
385
385
386
386
387
388
390
390
390
391
392
393
393
393
393
395
395
395
395
397
398
400
400
400
401
402
406
407
408
408
408
410
410
410
411
412
412
414
416
420
420
420
420
421
421
421
421
422
423
424
424
426
426
426
428
432
434
434
435
436
437
438
438
438
439
439
440
440
441
442
446
446
448
449
450
451
451
454
454
455
455
456
456
456
456
457
457
458
459
459
459
460
460
461
462
464
465
465
466
466
467
469
471
473
473
474
474
476
477
480
480
481
481
481
483
485
487
487
490
490
492
492
493
494
496
497
498
498
499
501
501
502
502
503
503
504
504
505
505
506
506
507
507
507
508
509
509
511
512
516
517
519
520
521
