733
475
713
887
169
188
928
389
204
924
490
902
251
368
469
220
667
616
871
668
893
46
160
818
942
853
605
142
305
169
292
500
540
108
284
777
116
724
545
177
323
836
945
633
418
898
846
571
507
635
531
762
63
926
28
347
378
528
630
192
711
569
833
608
356
407
195
130
375
346
86
505
278
921
190
213
483
956
103
912
42
341
344
912
688
546
652
399
977
204
455
444
960
720
28
974
576
737
942
777
681
471
68
315
465
388
588
580
773
425
161
469
752
964
651
224
99
81
579
235
106
179
799
169
647
928
687
703
230
648
556
339
246
625
857
686
579
602
199
343
824
645
149
992
463
867
296
616
455
31
65
786
918
888
331
857
705
202
968
490
968
841
103
340
26
936
951
969
150
105
847
950
209
964
247
950
454
640
256
50
138
835
483
916
26
51
858
516
363
936
352
938
290
378
438
551
236
869
512
169
352
893
433
101
613
552
788
976
822
432
512
7
389
737
979
933
423
70
765
206
351
837
856
136
38
145
201
595
119
232
148
581
44
939
496
413
172
451
596
567
86
544
180
218
206
913
382
341
659
684
701
827
350
108
510
473
129
561
74
801
962
405
946
674
70
970
31
334
40
880
582
25
55
255
880
637
481
828
356
853
260
862
519
169
699
876
71
716
536
543
277
307
360
847
752
223
807
488
545
311
230
796
594
660
930
923
369
670
393
864
814
653
402
958
463
189
349
875
995
327
531
718
322
409
736
828
708
692
962
45
381
203
682
693
502
229
672
309
415
655
49
180
571
898
836
106
610
563
67
376
659
35
166
882
10
167
105
427
29
872
621
771
271
946
600
665
553
638
607
173
919
586
378
838
250
480
58
873
555
467
888
369
825
658
8
716
689
255
94
778
36
761
546
143
156
468
30
703
959
886
290
105
296
95
269
165
444
35
734
154
350
622
822
991
365
174
124
744
749
66
204
557
444
698
724
16
248
856
684
259
743
261
612
616
100
674
965
372
119
204
370
328
695
584
806
206
229
43
320
547
373
62
330
729
887
749
164
889
342
768
25
47
836
786
162
474
895
156
705
425
272
136
237
651
371
281
912
741
665
777
624
224
542
381
526
540
702
339
943
438
381
100
594
98
419
917
840
288
390
443
614
163
841
252
547
909
936
805
793
262
686
761
19
105
284
682
23
761
964
136
508
284
270
901
587
71
520
489
711
348
807
481
844
662
859
252
867
315
657
453
396
804
795
327
432
712
172
255
494
180
767
186
220
20
937
538
689
800
857
909
123
712
510
491
969
858
861
372
801
662
702
15
912
457
950
73
969
973
81
369
573
348
755
295
154
488
648
109
146
109
934
607
59
540
882
441
623
413
546
897
907
719
578
315
979
290
786
433
397
679
183
877
619
566
904
664
146
296
572
111
102
862
384
731
756
686
450
780
393
831
679
915
875
880
817
1000
137
537
83
503
884
201
202
67
731
136
557
773
91
602
592
354
173
269
566
89
558
528
259
412
961
832
248
331
943
69
918
584
536
26
489
108
981
450
913
764
22
848
704
512
493
130
369
125
277
444
407
353
32
61
502
924
497
965
877
118
576
883
535
733
883
857
486
123
859
89
895
687
127
726
513
570
257
449
656
604
713
207
500
497
324
231
393
62
294
476
477
837
385
993
911
806
651
335
612
49
793
993
529
45
975
22
116
64
744
498
863
528
491
146
446
501
773
524
293
464
670
431
156
384
304
796
572
648
534
154
932
828
898
965
251
393
805
454
638
425
65
355
866
110
913
914
450
291
766
798
88
629
101
79
378
7
6
313
265
627
145
821
751
920
116
695
52
736
428
708
480
531
627
270
75
197
396
794
166
938
856
376
813
154
617
474
366
561
584
337
140
928
977
340
594
621
447
971
230
878
752
173
854
93
935
931
747
691
557
495
789
106
117
381
530
202
439
339
762
19
469
833
199
85
604
144
417
635
441
146
392
27
540
937
559
284
640
992
546
213
541
217
406
745
754
319
450
238
879
190
535
229
601
590
975
782
134
273
81
896
925
842
700
647
432
33
20
629
831
851
360
15
596
951
583
40
967
922
315
2
473
697
134
923
858
116
474
882
916
807
71
637
998
919
378
561
209
926
566
133
589
666
362
147
909
33
214
604
57
231
18
736
376
310
900
976
725
793
367
728
491
545
464
714
257
685
460
301
313
263
964
668
783
637
327
875
678
958
616
928
792
933
483
665
6
119
722
916
214
269
422
672
800
936
153
177
289
354
791
715
608
861
200
606
