521
522
522
522
523
523
524
525
526
526
529
529
529
530
530
531
533
533
534
534
536
538
538
539
541
542
542
543
545
546
547
549
549
550
550
551
551
554
556
556
559
559
560
560
562
562
563
563
563
563
564
565
568
569
571
571
572
572
573
573
573
574
575
575
575
575
576
578
582
584
585
585
586
586
586
587
587
588
591
591
592
593
593
595
597
597
597
598
599
599
599
601
602
604
605
605
606
607
607
607
609
609
609
610
610
610
610
611
611
613
614
614
614
615
616
618
619
621
621
621
625
625
626
627
628
629
629
630
632
633
633
635
635
635
637
637
639
639
641
645
646
646
647
648
649
649
651
651
651
652
657
657
658
658
659
660
662
662
663
665
667
669
669
669
671
672
672
672
673
673
673
674
676
677
678
679
680
681
682
682
682
683
683
685
685
685
686
687
687
688
689
690
691
691
692
693
693
695
695
696
697
698
699
700
700
700
701
702
703
705
705
707
708
709
709
709
710
712
713
713
714
714
715
716
718
719
719
719
721
722
723
724
724
725
725
726
726
728
728
729
731
732
733
734
734
734
737
737
739
740
740
741
745
745
746
747
749
749
749
750
751
755
756
757
758
758
758
758
759
760
762
762
764
765
765
766
768
768
769
770
772
772
774
775
775
776
779
779
779
780
781
782
782
782
782
783
784
785
786
787
787
787
788
792
793
794
794
794
794
795
798
798
799
801
801
804
807
807
808
812
816
818
818
818
819
819
820
821
821
821
822
824
824
826
826
826
828
828
830
830
832
833
834
834
834
837
837
837
838
838
840
840
840
842
842
846
846
847
850
850
851
852
853
853
854
854
855
856
857
857
860
861
862
862
863
864
865
867
871
872
872
873
874
875
875
876
877
877
877
879
880
880
881
882
883
883
884
885
885
885
887
888
889
889
889
890
890
891
893
894
894
894
896
897
899
899
899
901
903
904
904
906
907
909
910
912
914
914
914
915
923
925
926
927
928
929
929
930
931
932
933
933
933
935
935
935
936
937
937
938
938
939
942
943
943
944
944
945
945
947
949
953
955
956
957
957
957
959
960
961
962
964
964
964
965
965
965
965
966
966
967
967
968
968
969
970
971
975
976
976
977
977
978
978
978
979
980
980
980
983
983
983
984
988
988
989
989
989
995
998
999
1000
